3.42988505184,2.21685615291
3.42846377685,2.2180620534
3.42929732708,2.21844666768
3.43181434129,2.21761106693
3.42871560721,2.21630731269
3.42335163316,2.21993045913
3.41604784607,2.22863851008
3.41023104425,2.24347818302
3.39945095619,2.26669351369
3.37327916969,2.29424710366
3.33341620515,2.31853422524
3.3147416421,2.36684235047
3.29811406323,2.4053405317
3.27570766213,2.44794939658
3.25957913154,2.49141210779
3.26021779284,2.5252569287
3.26628327585,2.55957728453
3.25378802961,2.58669298599
3.25398275359,2.62796346049
3.26461526421,2.74179852385
3.25301445399,2.8065450912
3.23110852079,2.85779867335
3.22316918698,2.91105124262
3.2125457026,2.96273163715
3.22346369603,3.01014186768
3.22985347535,3.04560103355
3.13439298961,3.1320348174
3.11080177775,3.14856116692
3.05738558601,3.17117954424
3.02119743504,3.20054211864
2.97853670933,3.23003770133
2.93548619057,3.26052830973
2.88661756469,3.28391333746
2.84720757396,3.31430816278
2.80245941624,3.33850774042
2.77224903812,3.35583265256
2.73529974577,3.38169337945
2.69327141709,3.39034868449
2.65037502495,3.40738039682
2.61126497645,3.41173511451
2.58026605673,3.41997236431
2.55395404387,3.43236277018
2.52490008392,3.44520164036
2.49341462572,3.46325598348
2.45942001221,3.46195630684
2.43017673163,3.48091463196
2.3913833202,3.49279213284
2.35926935451,3.51255896831
2.32429732176,3.5393099911
2.2909491645,3.54969132813
2.26389663783,3.57090623896
2.22294932994,3.57363455492
2.19131120666,3.60444407003
2.14941818378,3.62040715934
2.10790479968,3.6437050199
2.06958435859,3.66879572445
2.02647858797,3.67572372239
1.98271518581,3.69280597637
1.94375402512,3.7100346211
1.87915052463,3.72295652426
1.83054025288,3.73104673554
1.78227727006,3.75031005155
1.72954805942,3.73969843147
1.66077001618,3.75960708551
1.61147750592,3.76517691591
1.56020191193,3.76518719513
1.50427578471,3.75538409609
1.46205150634,3.75242921718
1.40487494693,3.75762895697
1.35583050838,3.74211152273
1.31636362786,3.73405207076
1.25963912728,3.71698209746
1.20840451698,3.68890736276
1.14732614822,3.66959365041
1.10470482727,3.66095450919
1.0506906023,3.63423787613
1.01378000731,3.60375191283
0.972265084758,3.57972588651
0.927285547872,3.54762625195
0.856986793589,3.4766552078
0.828227774533,3.4312696547
0.78578402525,3.38853452126
0.771220567359,3.34160778356
0.740278073986,3.29389444515
0.729350943281,3.23311530833
0.702537747108,3.18467854077
0.672648653381,3.12920884411
0.676078223963,3.05800631673
0.671894917761,2.99129337248
0.668499393425,2.94030261357
0.652662988157,2.88765589634
0.668176632137,2.83502237067
0.670431812237,2.79247900433
0.695838496134,2.73887126411
0.711099837691,2.69522753464
0.725360384963,2.65462107451
0.724651201788,2.63033126562
0.739687413623,2.58655692892
0.736427251866,2.56083676922
0.722884915391,2.53231809505
0.718869160232,2.5022407691
0.725604872909,2.47020708968
0.732262142048,2.42884506647
0.711172423526,2.40352492704
0.715193101825,2.37356592856
0.70221943613,2.34585250765
0.6987395973,2.31800924817
0.687428959273,2.29265466652
0.683419795026,2.25629352502
0.67096452163,2.22782183263
0.630890633073,2.18889335634
0.589022742915,2.13444585666
0.598420680621,2.0770487077
0.581960674839,2.02185550588
0.571306577353,1.9726851941
0.593795345301,1.91370181221
0.600240509711,1.87093134149
0.602804720836,1.81588738408
0.618363455188,1.76343156873
0.605814422539,1.71859077298
0.631917823452,1.67328013353
0.650916694994,1.634707161
0.639984076657,1.60346324016
0.641954336094,1.57055729718
0.638813095125,1.53609769987
0.663998589329,1.50597442413
0.682082740315,1.47473757481
0.707946968174,1.42530014073
0.709208753787,1.3770915421
0.708835869046,1.33650468017
0.735097884349,1.28955520246
0.719506984832,1.24974409539
0.724814074704,1.22116449888
0.708832719939,1.1837583944
0.73931132584,1.15550908522
0.776288483414,1.10981565842
0.799309231671,1.05588049863
0.778476242764,1.00407543432
0.809192573321,0.967640701433
0.81234514578,0.916083099256
0.822464963382,0.871599752527
0.88437363795,0.832695916516
0.921979428507,0.792403487518
0.930506079723,0.745714670773
0.957988114702,0.700342577016
0.968005225796,0.649862274916
1.00043977235,0.610453937691
1.03227947622,0.583811374975
1.06487451636,0.555586261339
1.11941063829,0.534493665903
1.14314416508,0.506223677109
1.19062338654,0.493944054812
1.22350349973,0.455752534028
1.24904944562,0.430121302558
1.28380775829,0.402618333889
1.32947891664,0.392619754771
1.37360221643,0.390951412656
1.42755552756,0.376594370754
1.45610747867,0.352809906918
1.49837490998,0.33412396069
1.53275452572,0.329605913421
1.62133824766,0.318527956568
1.69915640714,0.318235029354
1.7418629196,0.319562124859
1.79239536093,0.338027011231
1.8477262533,0.352609475607
1.87223176651,0.34587303575
1.94024789466,0.384819116795
1.9797284063,0.432485289666
1.99109765189,0.456964765712
2.05474850604,0.444003175816
2.09042362134,0.470996694334
2.11651823304,0.463251343582
2.13995546286,0.471109700406
2.17679272393,0.494316146383
2.22000945349,0.511920175292
2.25119938897,0.495833075201
2.25493514328,0.467123607147
2.28050872797,0.489931271729
2.31281045653,0.493080358965
2.34278892663,0.496579412205
2.37358472431,0.483919184102
2.4050851122,0.47079214112
2.4336033454,0.480312163732
2.47164529314,0.483441546442
2.51724899898,0.463889676737
2.54096760649,0.456623630554
2.57904160625,0.450949745477
2.63531551779,0.449887268133
2.67396377321,0.438656955808
2.70200489788,0.429994737143
2.74093505193,0.410318161197
2.80670380516,0.407893512304
2.80976464357,0.411035820721
2.85628957972,0.384036582404
2.90820078498,0.385966036939
2.91187328136,0.342383399603
2.98871761983,0.300196638751
3.04852302067,0.244652479671
3.08233692132,0.227267998059
3.12747657955,0.19905661567
3.17019134138,0.191916944977
3.21954629148,0.190641747426
3.26385727064,0.173375640374
3.30764770843,0.153920130126
3.33049630231,0.149662460527
3.40326294292,0.148001123213
3.45334733085,0.144454351742
3.47031502396,0.145150097357
3.52310730178,0.141306188083
3.56786000328,0.148961400954
3.61472831484,0.155468453265
3.66571668075,0.159089430624
3.71068294828,0.170621785628
3.75128294693,0.175400081756
3.79665292473,0.193926487706
3.85924876407,0.242718404282
3.91588824852,0.306887560028
3.9563599224,0.332938637037
3.98964526721,0.355576090251
4.01525123901,0.367014279863
4.0510354465,0.380380200874
4.06780700308,0.369565871649
4.10393638237,0.390520906429
4.14427020651,0.402192098126
4.17074317782,0.412298908089
4.1987095517,0.418856284367
4.21766461746,0.406097611543
4.24602836302,0.401504571382
4.28832374703,0.424152773785
4.31810575664,0.432519921407
4.35638459596,0.44591433619
4.37897057474,0.403207487426
4.4085661708,0.398777260431
4.45208081209,0.416733651384
4.49380412074,0.423866394399
4.52817673738,0.397730183756
4.5877428344,0.383803858864
4.61347105745,0.36859193622
4.6622354274,0.365512956283
4.73251001963,0.338366484366
4.79252874052,0.318201850079
4.83893511657,0.289045225437
4.90131106672,0.308410604546
4.94798171583,0.295309789067
4.98812637935,0.312258531245
5.04057828559,0.305732448305
5.10098152569,0.285099226582
5.14254241715,0.31831048843
5.18287375998,0.321848428927
5.24443563786,0.327411221355
5.29698582288,0.330030839505
5.33761167634,0.353008652761
5.40551434543,0.365991636501
5.43240787108,0.425988958483
5.49537210923,0.4275780868
5.54652611438,0.451036440403
5.59485807324,0.4878245833
5.6197837453,0.558125851466
5.65571867119,0.607881202343
5.72096763347,0.630858341775
5.73709316059,0.703548823988
5.78756519263,0.747092012445
5.77722423817,0.830310688475
5.81053783479,0.897822433888
5.86077559601,0.926708129247
5.85341839462,0.993686218077
5.84756083041,1.04546457333
5.86696379077,1.10485791724
5.89619577624,1.13637677456
5.83643588507,1.2135061281
5.88687969473,1.25017612153
5.85994449639,1.35829128388
5.82351606681,1.39837065915
5.80436212236,1.4557215342
5.76448684236,1.50222074279
5.76763884276,1.5527287433
5.70647250714,1.72613609711
5.64534356085,1.77137295723
5.62069488869,1.79843172001
5.60450349263,1.8455314675
5.54719788113,1.87482991549
5.54120638106,1.92455496292
5.53691493065,1.96332860364
5.50148738115,1.98975493809
5.47635782038,2.04167648906
5.4431386534,2.0914955598
5.39505228463,2.12406467077
5.38515519323,2.16503059639
5.34025522678,2.19915778148
5.31873145032,2.22876744955
5.31218195151,2.25814582802
5.30626607604,2.28471943417
5.27166623818,2.30371967386
5.26725340476,2.33066235991
5.25954394509,2.35344091451
5.25109046153,2.38136844861
5.2515034707,2.4043486332
5.24161539082,2.42822481986
5.2444327622,2.45963896378
5.23513192238,2.48765717312
5.22346372537,2.51142139906
5.20135043024,2.53310508879
5.204814169,2.56180010057
5.21166814645,2.59949146575
5.20470122866,2.62908224082
5.22172505962,2.67839756305
5.18958584856,2.70811180875
5.18429377753,2.76751026387
5.1860676418,2.80703777964
5.19853368051,2.85484144067
5.20746999637,2.89626491943
5.2159407699,2.92104643899
5.21191800977,2.95103234483
5.23271137793,2.99531201045
5.21478304407,3.01854835237
5.2514808603,3.06153362793
5.25035475831,3.10798575879
5.24328662077,3.15187662032
5.24667172749,3.19478847405
5.25452874866,3.25192353795
5.26284568646,3.2848576975
5.25748229231,3.33256714046
5.26565129189,3.37726261709
5.26370209642,3.42890384344
5.24791904894,3.4601662977
5.26084767841,3.51460999792
5.23533859625,3.54902524656
5.20612822991,3.59349851791
5.18824326905,3.63061013611
5.18163726685,3.66588576298
5.17736689571,3.73665740428
5.14134123528,3.76937204119
5.13296899208,3.83175462424
5.10999325652,3.87993503069
5.08610932044,3.93703686913
5.04528567002,3.96744982753
5.00725747897,4.01392550052
4.98315234811,4.04985484379
4.94223184735,4.08793963166
4.91425501948,4.12813173834
4.8489907718,4.15357047106
4.81642305932,4.18476220816
4.79782283784,4.23940598634
4.75652264923,4.27360458695
4.70442939321,4.28310789494
4.6630264658,4.29817083708
4.62396693036,4.3198030452
4.57312425373,4.34098512231
4.51597297115,4.34283481406
4.46602522354,4.34796486646
4.41665452574,4.35183894599
4.35908140809,4.34918318178
4.31192362315,4.35109410498
4.2461046778,4.34382339147
4.19443718007,4.33950902461
4.14689553381,4.31555914779
4.11436876359,4.29438917273
4.06607372152,4.26790533591
4.00389675125,4.24947869451
3.95440774191,4.2214991053
3.90993081355,4.20173527803
3.87396766373,4.12331560447
3.83023850593,4.07511439246
3.77825860011,4.0181544112
3.71818282784,3.98844374028
3.68826930871,3.9311983066
3.64269525454,3.87050736182
3.62284508031,3.82407005026
3.58247797387,3.77841053534
3.57921901479,3.73040744426
3.5423365478,3.69000876063
3.50498246073,3.67977741873
3.49272580582,3.6458628143
3.47120369209,3.61835130121
3.45193232034,3.58610229694
3.42319649044,3.55784658143
3.4114238823,3.53682787998
3.3833397287,3.50973992289
3.3582123043,3.4862341005
3.33905023385,3.46426354158
3.31451557219,3.43896841674
3.28441154326,3.4066739629
3.260504143,3.38698419061
3.22275549852,3.37815506171
3.20212625973,3.35600127729
3.16495950041,3.33140781257
3.14635699233,3.31079845019
3.1273168289,3.30408266757
3.08472185354,3.29678346451
3.07028181188,3.28650019986
3.04637199457,3.27091522979
3.01617193765,3.26681334917
2.97634250649,3.25809764305
2.96794555222,3.26069359235
2.93795006287,3.24151520001
2.88618239946,3.23950511717
2.86543680293,3.23754447771
2.76812089753,3.21245725318
2.73649406168,3.18847729924
2.70313339431,3.1847240074
2.67192285686,3.1857109811
2.6402233725,3.18434791823
2.60503820704,3.15994269474
2.57369790998,3.15579033213
2.55129329599,3.16429153048
2.51657484213,3.16262038918
2.492121221,3.16126060071
2.45449856245,3.15257266941
2.42603020999,3.1608226691
2.39432022981,3.15874669705
2.37461664716,3.17441113476
2.34892925565,3.18723736511
2.31930775425,3.19248334056
2.28469418312,3.19819292945
2.24510723474,3.21257117746
2.21057767253,3.22240114158
2.18061003768,3.24485160777
2.14654212142,3.25676951994
2.11541347643,3.27302661308
2.08194728409,3.28450466174
2.04486649591,3.30544041406
2.02889140325,3.32876775187
1.99756969451,3.34677787492
1.96895471035,3.36853441806
1.93505728574,3.37377245146
1.88795075506,3.42201557507
1.81456280551,3.50116237966
1.80591114285,3.52762165262
1.77781918168,3.54774276077
1.75444419826,3.55393869635
1.73980771476,3.59093646583
1.72616769273,3.62427301606
1.62551004177,3.76875904316
1.59641597427,3.83224828647
1.57933656438,3.86578338453
1.54541475575,3.90670446205
1.50917497722,3.95799801925
1.46760401663,3.98669628695
1.44169073532,4.02229694857
1.39534743712,4.05959422299
1.34803424068,4.10998016865
1.30261890008,4.12236180701
1.24274062778,4.1690516961
1.20452559396,4.18498907901
1.06791422228,4.2126149748
1.0275981751,4.24055392912
0.96367732346,4.24736326819
0.903655618424,4.26031594034
0.826766283427,4.27110688203
0.792396008464,4.28687561258
0.720435598501,4.29964683787
0.667380409712,4.26900321606
0.657009615455,4.21841257936
0.642851618738,4.22744194522
0.642422348015,4.21450914943
0.643787599692,4.22849104983
0.658964923984,4.26130038117
0.725112454608,4.26811551702
0.756768885901,4.26716036054
0.765892700725,4.28163209589
0.823615618447,4.28486704519
0.90211869967,4.28825097184
0.908395482465,4.28992868839
0.873036140052,4.30077760618
0.717226840799,4.29610005327
0.436748312965,4.15810707132
0.29704423396,3.9895522337
0.20386299986,3.76680277233
0.204046946093,3.70267158237
0.201932647909,3.59774444043
0.192024983003,3.56175641485
0.187053602227,3.53504908386
0.202346867751,3.49526524595
0.171281128659,3.47712532556
0.180230954371,3.43872571382
0.196861853477,3.39071527782
0.217155333736,3.3524111099
0.212178813702,3.26815211841
0.236691359256,3.22951773897
0.246348080459,3.16767995617
0.267639731785,3.12249281632
0.301936473648,3.05508043574
0.345900023711,2.99254494785
0.373355384809,2.93415770057
0.413722766399,2.8857019077
0.469124986897,2.81796465179
0.515278627636,2.76573686743
0.530828963846,2.70156268114
0.547497503397,2.67270302159
0.581805446919,2.64753954921
0.591491222391,2.6152914821
0.602728057626,2.59864089069
0.626758483892,2.56536819548
0.635846741054,2.55019326026
0.659397215516,2.51449044027
0.672212409702,2.49173474113
0.68303725972,2.47069124845
0.687054240816,2.44273746143
0.706109577194,2.4071181123
0.715209853819,2.38149716511
0.729460167169,2.35122675341
0.736645838645,2.32644049254
0.746644040991,2.29127366166
0.748076431358,2.26012853992
0.758366602133,2.23541169223
0.753663185933,2.17191987886
0.769763555403,2.14008389604
0.75769239732,2.11160757136
0.75256987804,2.07635260717
0.7595428037,2.0383662017
0.769465547351,1.99923756185
0.761777268254,1.95368829993
0.745687358115,1.91532854641
0.738461095875,1.88227422553
0.728411827473,1.84005294781
0.724176020374,1.79700176723
0.726747727082,1.75994150348
0.719443351571,1.73021668789
0.699585470943,1.70022873769
0.697249552237,1.6808870207
0.678069978963,1.65628741146
0.662935603847,1.6333064334
0.655652046304,1.60721943659
0.656671757076,1.55915519405
0.640353298451,1.49777041674
0.61141723527,1.44852191141
0.614373048411,1.40336411578
0.622879973348,1.3676422074
0.581373498649,1.32425133132
0.605969398636,1.290767074
0.601361749723,1.23727013736
0.599658000067,1.18937371305
0.610809520084,1.14236213179
0.635532640393,1.10387315527
0.645815449603,1.04306435041
0.66063093925,0.993244479541
0.651044879857,0.934573758456
0.62699891738,0.883422934034
0.669058458081,0.851063949439
0.733751614399,0.815689406047
0.720260682996,0.761316746935
0.801381975908,0.735335934888
0.827985860825,0.691493780814
0.82990652097,0.641654640406
0.856105154718,0.601782531061
0.895419868302,0.565028215972
0.899446816315,0.519660778858
0.958000583833,0.492834124941
0.976792274651,0.465290000358
0.997798135507,0.426410157036
1.0550905365,0.413387397632
1.0861042394,0.388830472792
1.13167860575,0.378226935381
1.16253005943,0.372621273781
1.14440301842,0.344402604658
1.16900213182,0.338507503342
1.20018504056,0.336176994043
1.2458866442,0.337338334453
1.2363865365,0.313571189175
1.28471516924,0.30600454466
1.34430569289,0.296826161404
1.38808339589,0.292658880439
1.41013537567,0.269165812437
1.47365709048,0.265384597653
1.50848593694,0.252745148704
1.59103782142,0.263222891708
1.6207711361,0.259580077252
1.71114141138,0.300466743344
1.76957678921,0.333357151953
1.86027956421,0.393453560337
1.86760509781,0.373998591549
1.90926081385,0.38422890265
1.93994832502,0.387879970843
1.96205422845,0.377334983022
1.94918251188,0.368895515046
1.98407819514,0.402850126133
2.04554532692,0.401542015696
2.06832405269,0.402528689871
2.10180857357,0.380516964549
2.13367589375,0.364828026391
2.17305787438,0.373064131023
2.20982621506,0.371599510559
2.22005547046,0.393149242989
2.24252784549,0.35838384734
2.26978956556,0.340683797551
2.29660552883,0.341516244058
2.31701144861,0.35309166631
2.39262062133,0.298189931859
2.43539381028,0.241424169511
2.51240996229,0.174263208286
2.56967592061,0.166480633593
2.63002121027,0.15816597725
2.68550918131,0.133830551073
2.72375399698,0.153509619813
2.7815293044,0.155368229705
2.87379289323,0.159730287396
2.93368962128,0.164511633992
2.98412123281,0.165360724292
3.00994371621,0.183796905244
3.06091962777,0.199385901148
3.13230735889,0.205018060529
3.21007873109,0.226333324644
3.23192658294,0.286620942092
3.283794079,0.303527789491
3.31875434737,0.315438010305
3.33873238871,0.311059392613
3.36384610357,0.316577941518
3.41345553753,0.344215107071
3.4573451903,0.354569741386
3.46332326158,0.344503457244
3.52048406372,0.349099379839
3.57665863684,0.366081695665
3.60394916318,0.374708296378
3.62649920202,0.365822222943
3.65543800397,0.35024905159
3.68271789575,0.345377974663
3.72908174903,0.376980285999
3.750999687,0.369446065551
3.7733644285,0.339416309875
3.79726276475,0.320795687617
3.82760058749,0.299721467335
3.84907668368,0.253133969118
3.91704480604,0.240110902206
3.96685760393,0.222171148265
4.00338792095,0.202025208637
4.05706103793,0.216238783588
4.11454902669,0.227720846382
4.15394893808,0.21466604611
4.19179700541,0.20536432108
4.22956739347,0.194574540077
4.26575249679,0.210209464316
4.31811500402,0.209940743582
4.4206825144,0.279056352459
4.45860156091,0.345023764346
4.52092522061,0.378857309033
4.55368699515,0.388944803141
4.62938361134,0.409413722985
4.66274743169,0.401393751833
4.73540160514,0.41820741686
4.76962912888,0.412250325618
4.79648887739,0.427222838823
4.82965132754,0.412842120634
4.89384956603,0.389778629236
4.97901637374,0.323779325906
5.02432180288,0.3256645089
5.07156153865,0.3181341415
5.1142541109,0.365616956039
5.17099295372,0.351894320987
5.2263406171,0.349953740559
5.2751967515,0.362074383393
5.32007047646,0.37538005674
5.36860371697,0.398908623779
5.42358851479,0.42342523509
5.48044767506,0.43921583273
5.51787841589,0.471054242321
5.58474539749,0.497835950615
5.6400383752,0.527855117943
5.67250070724,0.572323373181
5.70528851171,0.609239102393
5.73857459154,0.677431109693
5.77761197793,0.744244053243
5.82672719072,0.78306148665
5.85628545493,0.847177269456
5.87107570938,0.904806109576
5.88979050231,0.963742323289
5.91524730757,1.01486069968
5.91669721784,1.06777808998
5.93618668107,1.10553053811
5.93611486655,1.16611353065
5.90830487233,1.22820664225
5.98054224807,1.25704826945
5.92597674453,1.32180682025
5.93083790207,1.37037865594
5.90891123695,1.41463543866
5.89657024382,1.46142062979
5.89197059132,1.50399564827
5.88931413929,1.55404810069
5.8782154467,1.59822832589
5.85095334241,1.65289842197
5.81613971566,1.68808548103
5.8020464473,1.73602063825
5.7839503888,1.79011826947
5.75884475188,1.83237172255
5.75636679101,1.87029239419
5.70844175753,1.90973457203
5.72532716033,1.94989233882
5.70034740719,1.992702346
5.6947833396,2.02749020377
5.69606552546,2.06049344816
5.69206149361,2.09127947972
5.67987193175,2.11110078144
5.7005189005,2.15097354513
5.70163085041,2.18512132501
5.68518902074,2.21838309556
5.68734119185,2.2545804703
5.68185295823,2.28391115495
5.67198881577,2.32380073297
5.66020370159,2.37990903021
5.667102293,2.43589968232
5.6196033979,2.46240378994
5.6306461109,2.50614801777
5.61116820801,2.54266083285
5.60025144897,2.58505067876
5.5789764358,2.61246676217
5.56902575488,2.65321216275
5.57863654089,2.71584724942
5.5558344417,2.74934979258
5.53990390492,2.79196142365
5.5152858606,2.82911837744
5.51781640423,2.87776976902
5.5197677759,2.92064426571
5.51049994247,2.95537210469
5.51949224902,2.9955325431
5.50747102396,3.03103420425
5.48491578343,3.07370739089
5.48094482846,3.13047015996
5.4631922983,3.16647358708
5.42894514372,3.19871218934
5.39354132151,3.23749137276
5.39975506139,3.29859669618
5.39418066433,3.33718559155
5.33654840404,3.36013182133
5.34737659331,3.40441779823
5.32617747643,3.44980154171
5.27715652629,3.48452465639
5.23152040764,3.50749998478
5.1856629333,3.5773733879
5.1292910516,3.59818818611
5.11073046147,3.64408088318
5.07187232454,3.66264931408
5.04264716857,3.67602367914
4.99553829085,3.70844023843
4.96555125757,3.72754813848
4.90601384548,3.74393902472
4.8704082916,3.75736168281
4.83702725086,3.7781604532
4.78391142346,3.78739857357
4.74216408703,3.79186502505
4.65762420742,3.81190139373
4.61343082139,3.81523359702
4.52510316917,3.81774023966
4.48051889913,3.80957802079
4.27297106096,3.77463420755
4.21368342065,3.75119558407
4.16626067059,3.72861614873
4.11300875419,3.71532255237
4.07374234946,3.69385150909
4.0445039564,3.65491704886
3.96921887154,3.61906511707
3.9214422083,3.58860643435
3.85236682769,3.56525217393
3.81669058118,3.53049715738
3.77783269632,3.51124515612
3.74447411685,3.50150088421
3.71289221245,3.4862846802
3.68627106694,3.4676651167
3.65001550311,3.44870426991
3.61476526148,3.43294636751
3.5789446026,3.42293745597
3.54625354204,3.41609046325
3.51720963494,3.40403418749
3.48011028678,3.39190400235
3.44241931332,3.38169251121
3.40640994874,3.37460215966
3.37526852686,3.37462362761
3.33394812931,3.36415763472
3.2958387199,3.35721516797
3.26792084095,3.35502107497
3.23134899477,3.35734930896
3.19332312228,3.35602488463
3.1568778201,3.35017839067
3.12778534105,3.35710704711
3.10072184129,3.36158059195
3.07163748217,3.36223261605
3.04489705253,3.37234717531
3.01114818999,3.37980153019
2.97273300374,3.3849516547
2.94827889132,3.39359955612
2.91363193315,3.40688821464
2.88208639649,3.41973536884
2.85515237865,3.42211274899
2.82684705937,3.44048523974
2.79799083308,3.44836484133
2.76762404227,3.47052412574
2.74724898343,3.4907977229
2.70453737124,3.49856887254
2.66182380801,3.51572626989
2.61424891279,3.52808086532
2.56627756501,3.54472848672
2.5335181526,3.56623971359
2.48792517047,3.5808451195
2.44372240299,3.585208388
2.39472376834,3.56623209998
2.36581007804,3.58369653531
2.32956929767,3.59772153775
2.29001100284,3.60077332041
2.24238354223,3.61395880452
2.20489882505,3.61900287368
2.17206130285,3.63757932593
2.14074801971,3.62505331592
2.09153999298,3.65346116109
2.04535227482,3.66783126063
1.99207106394,3.68531531781
1.94197804552,3.68444007864
1.8967837959,3.69262624073
1.85466952811,3.69850040216
1.82089118203,3.69734828483
1.79347912767,3.69862134277
1.7507436845,3.69727413065
1.72598059767,3.71056127858
1.69547474251,3.71534687793
1.663637683,3.71665527962
1.63082904464,3.74078179341
1.58732716138,3.75059363348
1.53784155286,3.76329882797
1.45500025597,3.791204503
1.41167786214,3.80206308232
1.35834936801,3.81068430878
1.25641226201,3.82098791445
1.21601760163,3.80318847639
1.16627257018,3.79122615201
1.09391309726,3.7791715122
1.03037247909,3.77486669469
0.972879011148,3.77669631806
0.912839658989,3.75299515322
0.843516668671,3.73124656404
0.765073256663,3.71341298554
0.714049974438,3.69273983466
0.665263398191,3.67295136115
0.607201186453,3.64951314147
0.550810263069,3.62893125109
0.511511596783,3.59548424315
0.451991134771,3.5846593436
0.422910696737,3.54026999086
0.408040006569,3.49795943277
0.364642687304,3.46946976592
0.347343574442,3.43183371229
0.319165036237,3.40345067989
0.297301841862,3.35923236798
0.288575892207,3.31621533169
0.273023462668,3.27676646082
0.261114563547,3.23527057229
0.267008904629,3.16665451796
0.242981608346,3.11215392311
0.247829600385,3.04163089668
0.241441652459,2.98154949969
0.248553678443,2.91203683854
0.264015556705,2.84814118334
0.263741818725,2.78678047682
0.280917682162,2.72863240809
0.314328027248,2.68571878969
0.352670120891,2.63283834706
0.348759827957,2.58743455412
0.352460650064,2.54050372899
0.517033081334,2.35960531135
0.546256847765,2.32661777582
0.585738341776,2.28890481717
0.648901209925,2.27072701406
0.683700712512,2.23693830424
0.706850136444,2.21431409745
0.730268288219,2.17492007096
0.753653628321,2.1460325653
0.783143443742,2.12994012279
0.807730074552,2.10320520474
0.828987661767,2.0858934669
0.853464522014,2.05786935615
0.886259961885,2.03848099399
0.926310909387,1.99412561282
0.931776310711,1.97529331545
0.953742458222,1.94635971222
0.978841009269,1.91843519714
0.99883073755,1.87870558173
1.01790890145,1.83684206366
1.02874048195,1.80873634714
1.05724948572,1.76247922678
1.07678974377,1.72127384348
1.089241165,1.67850930853
1.10620814551,1.64312832345
1.10083012482,1.61480324407
1.1198770084,1.57996058708
1.13675174975,1.5456864291
1.15054042179,1.51220390793
1.16392307468,1.48643191244
1.15465602234,1.47154355871
1.16988983353,1.45302555143
1.17380465015,1.41600098139
1.18044633243,1.38441768711
1.18818671302,1.35440256567
1.19904267721,1.320275244
1.20557415152,1.28160179311
1.20495181093,1.22667529311
1.20084784947,1.18325491192
1.19024220121,1.14025463515
1.1963266576,1.09677235249
1.20503502556,1.05642622097
1.19514914982,1.02467255815
1.18696707439,0.99098430638
1.16998765368,0.965860639089
1.18773451233,0.932406865893
1.17321735502,0.901242985554
1.18204638938,0.875195135287
1.22404573958,0.838707792638
1.19530515945,0.785305005351
1.18530968408,0.740453188041
1.15545784215,0.69487103522
1.16967789118,0.655356563924
1.16502523931,0.606137255209
1.19315407337,0.58715293893
1.17559499736,0.528463100414
1.20893681179,0.488866089861
1.18900330455,0.437398929734
1.16590923543,0.391559939294
1.20714615088,0.363088743228
1.23080594232,0.320589171542
1.24134510182,0.270234870498
1.26174215935,0.239927183573
1.28511813931,0.229551274274
1.30464691569,0.212993220785
1.3100548758,0.185216676075
1.29281505076,0.157370584065
1.28773912379,0.158975394311
1.30684912355,0.175305354842
1.30631686508,0.177597980335
1.31287637332,0.182594979423
1.29952057188,0.175388678166
1.30602896986,0.173936539813
1.29921308541,0.170410116198
1.30575412827,0.176625209512
1.30989237337,0.17695268334
1.29782331978,0.169273117775
1.31602777223,0.185736102452
1.29721224297,0.173760847419
1.30325372867,0.173315800268
1.30638267206,0.179617496193
1.30543036907,0.179609012972
1.30599482807,0.183305793224
1.31173739236,0.181905205814
1.31009884321,0.178860310612
1.3189003432,0.188249924917
1.3005293968,0.17557158877
1.30030382788,0.171250596869
1.30808244058,0.177519028337
1.30517288726,0.179825328511
1.30515218419,0.177618132841
1.29691054645,0.167888373436
1.30614226294,0.174328266425
1.30722005326,0.177623572038
1.31496575643,0.18807052874
1.30582408373,0.177877160283
1.30244090829,0.175051930215
1.31967250243,0.188676906502
1.30598290201,0.179721487446
1.30504936484,0.172317915592
1.30858362628,0.180670354752
1.3114025916,0.181298096041
1.30836288461,0.18535378033
1.30192684183,0.174773388725
1.31269001445,0.186763888173
1.29843382331,0.170885308795
1.30763642206,0.176586427204
1.30411245894,0.178143368377
1.30622309651,0.179747412669
1.31779609992,0.188308389168
1.30766239903,0.180658242956
1.30195820756,0.172014694518
1.30609142607,0.182030825618
1.31284160969,0.187953961866
1.30365602106,0.17898595735
1.3015564536,0.172090649615
1.30849373294,0.178408994625
1.30261184209,0.172135359315
1.3002766743,0.176650307604
1.30691072625,0.181965920141
1.30050053929,0.172820403427
1.31237309565,0.187420720568
1.30135955825,0.173606753224
1.30837461394,0.179535653459
1.30551380096,0.180753038253
1.31262358209,0.186523550321
1.30955420021,0.18189189262
1.3081056956,0.181681806837
1.31268057416,0.186881706083
1.30897143915,0.182900071908
1.31083058093,0.181068434855
1.31738198825,0.190293347833
1.30689520059,0.18030602263
1.31327525062,0.186510405774
1.30451742849,0.174290147353
1.30199942937,0.173970180315
1.31021657184,0.182877210689
1.29684449635,0.172314388241
1.30558859373,0.181939136042
1.30231408866,0.173380950703
1.30775844899,0.182602403485
1.31149031263,0.185512731912
1.3003469894,0.17180702322
1.30529881426,0.17709125489
1.30649894149,0.177050141077
1.30438145115,0.176386708437
1.30457401998,0.177156555442
1.29993647748,0.169044163981
1.30947284636,0.18329267197
1.30920735594,0.180768412128
1.30195931949,0.176195026424
1.31440238759,0.187730380136
1.31100299021,0.182602817174
1.30532967022,0.181236139135
1.31121340079,0.182035186151
1.30663111117,0.179885282205
1.31032128882,0.183407826633
1.29995666196,0.173597727375
1.29682124306,0.170811807924
1.30274601408,0.175315049711
1.23911179031,0.115359036121
1.25261351991,0.0872257077701
1.26280156432,0.0436837786129
1.29316861359,-0.00538318285549
1.32256278897,-0.0125872843272
1.33940477087,-0.0204387823479
1.35332984257,-0.0226718593961
1.35376736713,-0.0261228687521
1.3606535182,-0.0295787691463
1.37362209276,-0.0508264069424
1.39062773801,-0.0678267382693
1.41700955249,-0.0508243274402
1.45734996155,-0.0392603542704
1.44124598071,-0.0590115135142
1.44342044563,-0.0562975564856
1.46837011384,-0.0389329711386
1.46774356109,-0.0399928730226
1.46284741605,-0.0443573332323
1.47037526623,-0.0344231241356
1.46869581077,-0.0365481612513
1.46994826536,-0.0392909961137
1.46823897125,-0.0387331956421
1.46378877653,-0.0450064775188
1.48655604032,-0.0224685548676
1.47210791554,-0.0324190490092
1.4637118008,-0.0447544315814
1.45446221376,-0.0510571474206
1.4612653122,-0.0424074524548
1.44071392086,-0.0613436838598
1.45218125548,-0.0634551041459
1.38241398478,-0.125869323587
1.32426829286,-0.172681055934
1.24651620926,-0.204498410589
2.10235341802,0.0685754571496
2.17330157825,0.146026398033
2.23096176391,0.172163640825
2.32535348126,0.255132526418
2.35660549423,0.355729698945
2.422181969,0.424211108523
2.49661161732,0.459956917644
2.49798104249,0.551262588565
2.55351886889,0.605378831271
2.59137589336,0.647567153878
2.6612895001,0.697356578653
2.65238819639,0.683611222648
2.53340998057,0.735990037475
2.59782482662,0.741832868635
2.57438420338,0.777999965158
2.66789746642,0.788915973246
2.67627892129,0.785925605661
2.72191692556,0.770959676456
2.69470986352,0.767421110816
2.71820739806,0.752595350962
2.63647878796,0.748187664201
2.50870432467,0.647644705163
2.42924213699,0.612713625935
2.37423996152,0.579313488096
2.32566668252,0.55680854347
2.2967189232,0.513899898498
2.23055061269,0.520705729974
2.20434033406,0.495143482245
2.20586453403,0.501571586848
2.21830768336,0.515514017863
2.24052955841,0.525571849012
2.26438251937,0.515105441809
2.28628750784,0.537886762126
2.32487782206,0.566685755433
2.36549857689,0.576020756756
2.41228669692,0.57881663483
2.4678115132,0.588172301373
2.52245092392,0.591699834653
2.57871620738,0.600370306096
2.63825998508,0.581290347962
2.6898393193,0.582129513175
2.76116898609,0.567454131345
2.78106562074,0.568688811033
2.81706689426,0.567989349168
2.87486672597,0.553123456373
2.9027632538,0.559344195244
2.91408422643,0.548323135131
2.94493028845,0.543232776667
2.98378356591,0.524414554379
3.01874957706,0.538944612482
3.05115603418,0.508587980144
3.08966303666,0.515970919797
3.11178356845,0.48405076685
3.12311604965,0.465288920376
3.19207105054,0.476456194705
3.21617481476,0.433170940643
3.24504611341,0.364913972999
3.30499910317,0.30265783608
3.32873296227,0.285318177236
3.3988249116,0.271297007447
3.40911229283,0.248857017596
3.47886761621,0.236059121577
3.49254042449,0.220565014378
3.52553597882,0.205395985604
3.56667691728,0.195780360959
3.64300292046,0.199567933708
3.68187230929,0.187452624172
3.73097483965,0.187271929873
3.76757176942,0.177780788844
3.81428626785,0.183982367485
3.86828725403,0.188329604768
3.88896776249,0.178731968063
3.93484351938,0.189075229197
3.98241967484,0.203560902627
4.04603776156,0.222316821084
4.09437447769,0.231872524191
4.13988800631,0.277127116052
4.17551413494,0.337790394713
4.21675997421,0.403324527846
4.24411345612,0.401518240739
4.27389628235,0.414622324221
4.36178686817,0.441710786831
4.39574018307,0.452263269413
4.42836209075,0.436526848215
4.45726706159,0.446067118861
4.49167304406,0.480356482572
4.53071741669,0.451157176993
4.56326840725,0.464519556216
4.59351595724,0.486087998853
4.63303169757,0.478445143468
4.66827835986,0.457238819106
4.69959208714,0.476073371055
4.74949423442,0.43849578152
4.80337775258,0.407488417723
4.82781193318,0.399271991236
4.83986879792,0.423921922938
4.84438639641,0.421167134015
4.84182646602,0.417166090536
4.83947937602,0.412455434148
4.83361582985,0.42467054331
4.8362913079,0.424487889931
4.83453369895,0.419456123247
4.84612917805,0.411131802838
4.85929186831,0.414533856595
4.88753411538,0.404058444069
4.93614540954,0.393729805822
5.00069095447,0.368420318024
5.06225373616,0.374140105108
5.14132904167,0.367080458442
5.21685768853,0.388452047177
5.30256128371,0.40245223918
5.36945897364,0.442859954698
5.41180352535,0.501991345332
5.48825934888,0.537800189854
5.59427590952,0.61271475656
5.62402308861,0.663806005863
5.70941903151,0.760662131795
5.71595227544,0.809630313263
5.73742649497,0.866678495654
5.7645675452,0.917112112934
5.79826232988,0.954971220546
5.77539334418,1.01866649991
5.83556432266,1.04546008201
5.84791866305,1.09734066917
5.86871414586,1.15205135301
5.90033912729,1.19111486463
5.91127371109,1.24754381064
5.87805189727,1.31178475606
5.87627818254,1.36543191349
5.89194756514,1.40757292388
5.8928079585,1.44431100217
5.8567738895,1.49110207064
5.82320181995,1.5511146462
5.82079811404,1.59582408515
5.83798421661,1.63567035353
5.81140877871,1.68593389093
5.76295618326,1.73399614295
5.75119274746,1.79222153704
5.71483894187,1.83853895582
5.7067092523,1.87438404191
5.68518801638,1.92173702531
5.68153018108,1.96386746287
5.66804377398,2.00704210935
5.67563177793,2.03725374624
5.65399259083,2.0834675851
5.61591992908,2.10203251491
5.62315979936,2.14853646633
5.58683263943,2.17419362136
5.59930910179,2.25081483183
5.57910363945,2.31518605993
5.58215402145,2.35254781999
5.57607027354,2.37660154221
5.58481526288,2.50983913684
5.57874483976,2.54947022618
5.62250421848,2.6521209769
5.66302345983,2.695143905
5.63893062013,2.7257948077
5.69110017955,2.76679613182
5.66122829054,2.79165526945
5.69672251924,2.84913396535
5.73953405571,2.92806403593
5.71102535344,2.95464383037
5.71200240336,2.98863790047
5.7476669692,3.05510720871
5.72464109111,3.07669185966
5.70032578434,3.1187389147
5.75180870211,3.19182755216
5.69796144487,3.20822626476
5.74626129953,3.27330431018
5.7197975151,3.3180528741
5.73290018817,3.3567852747
5.66770235321,3.38420688072
5.72175702987,3.46081252875
5.6926357578,3.49319813234
5.68317789172,3.53732854549
5.63923366638,3.55572795485
5.62681842832,3.6217483189
5.68206347691,3.62955337566
5.64275624533,3.61637070017
5.63613160548,3.61119450234
5.64822156308,3.616347019
5.6344157901,3.61369854673
5.65725435875,3.6226500645
5.66209031532,3.62577526263
5.64382890022,3.61505296334
5.64493060172,3.61668135088
5.65868016385,3.62602177911
5.64627828411,3.61891431022
5.65118595149,3.61858854626
5.64232377089,3.61023708739
5.65078463344,3.61812608155
5.63985032553,3.61461722963
5.64913277009,3.61522328921
5.64367359014,3.61388160707
5.65387129295,3.61690653967
5.65566461986,3.61676713058
5.63354952574,3.61160682901
5.6630070706,3.62075009031
5.66556693493,3.624858273
5.6418029991,3.61081746746
5.63769319035,3.61574236917
5.65015954174,3.61529839794
5.65556280408,3.61716641566
5.65823042659,3.62519095683
5.64711683894,3.61722743142
5.63635389729,3.607337893
5.63834759224,3.61286734668
5.65279959114,3.61952719584
5.63491464843,3.60918999591
5.66224109762,3.62295408383
5.66008919036,3.62121890388
5.63623210748,3.61147035723
5.63934307005,3.60837407916
5.64154650637,3.61110078622
5.64264589295,3.61427821391
5.64110955026,3.61949075201
5.64678570105,3.6103193608
5.65291139032,3.62279749765
5.63687224236,3.61214113588
5.6435818569,3.61513515121
5.64564525916,3.61576544291
5.62298383967,3.60318824977
5.65850085622,3.61753400936
5.64997041428,3.61734803626
5.64719564901,3.6175561847
5.6346265622,3.61619743692
5.64093763273,3.61443878882
5.63184606247,3.60866238794
5.65267181199,3.61660917437
5.65071030494,3.61893703121
5.6469523895,3.61696801722
5.65087724157,3.61572766291
5.66209375776,3.62363447622
5.64022586829,3.61298700315
5.64749340972,3.6179569951
5.65010397536,3.61859226626
5.64845060102,3.61438923803
5.65412096857,3.62055899833
5.651647649,3.61468562068
5.64923399941,3.61401010293
5.64707701976,3.61705600055
5.64161573673,3.61636703527
5.65068512126,3.61483032115
5.649214822,3.61487122233
5.63335618149,3.61033209708
5.64660433396,3.61340509238
5.65301037412,3.61933536693
5.65990672885,3.62074534426
5.63789817962,3.61394183053
5.65720223974,3.624921995
5.63299604532,3.60901893436
5.6516689585,3.61984898967
5.64583282571,3.61366878313
5.63659070624,3.60840188732
5.64261805219,3.61139065302
5.65088212054,3.61722103082
5.65013651707,3.62022922336
5.66241763171,3.62140021615
5.65428580854,3.6212076795
5.64122628114,3.61540660216
5.63920440975,3.61272927266
5.65697218534,3.62031803632
5.65398869169,3.61829378061
5.64971962465,3.61419487388
5.66416619294,3.62816827397
5.64643925385,3.61356250786
5.63879849695,3.60887530701
5.64617017215,3.61546081681
5.6369024313,3.61247778562
5.66481900486,3.62080697212
5.65124263474,3.61707825417
5.65575441884,3.62093020978
5.64427262714,3.61471976778
5.65935415577,3.62345727182
5.64622589948,3.61398327936
5.6573100793,3.62229504172
5.65749825571,3.6194926008
5.65710275884,3.61789797608
5.66362285119,3.62262277068
5.64941271387,3.61784151474
5.64508127857,3.62171115346
5.66467188054,3.62478799934
5.64492686244,3.61487394667
5.64939563984,3.61339526415
5.64808589658,3.61670685269
5.65163134919,3.61813592494
5.6480962899,3.61344834366
5.64795852547,3.61821749327
5.63096870971,3.60942062302
5.65207733788,3.6156326844
5.65342285118,3.61680903558
5.64202270632,3.6108557035
5.64663977738,3.6167007599
5.6455218763,3.61369264742
5.64774741367,3.61783148523
5.65527630722,3.61779073677
5.65893785171,3.61707631218
5.64749005898,3.61661111826
5.62642604545,3.60220923886
5.64617589168,3.61443925743
5.6542211994,3.61528967949
5.65316728372,3.62011449042
5.65545652116,3.62029621448
5.65490221925,3.62178070178
5.64423260797,3.61315081895
5.66789083305,3.62741747301
5.64423912201,3.6144829554
5.64820901549,3.60928104483
5.64866164893,3.61960829005
5.65734687606,3.6271279824
5.65654260427,3.62306854503
5.6413824676,3.61086994791
5.64791240859,3.61512471787
5.6429053727,3.61413598935
5.64128858233,3.61010640487
5.65405231578,3.61730240275
5.64918626447,3.61897805302
5.65454282854,3.61784365553
5.65091234874,3.61572675678
5.65374007216,3.61681328019
5.64668320676,3.61760245437
5.64490392517,3.61779013096
5.64459354071,3.61134008118
5.66084660902,3.62320021686
5.64571907767,3.61394153839
5.6682549961,3.63055276406
5.65082232004,3.61663887182
5.63256696846,3.61039966541
5.66054912112,3.61978159472
5.6501885706,3.61360188994
5.64299224564,3.61273446076
5.64343805184,3.61530250555
5.64563701176,3.61722685177
5.65567131053,3.62180342481
5.64168594997,3.61207629782
5.64399588841,3.61210887985
5.65494621061,3.62089685819
5.65036382043,3.61637365954
5.64779910936,3.61905823141
5.65286639938,3.6192504771
5.65238953859,3.62116557874
5.64940926594,3.61293224904
5.64234029447,3.61374664356
5.65025582118,3.61634344768
5.64905897524,3.61469779624
5.64778649698,3.62023314306
5.64661750772,3.61752384966
5.6574591951,3.62326901609
5.65469569441,3.61707169335
5.65582412853,3.61856123646
5.6415786015,3.61142409408
5.64180328282,3.61386192744
5.65787299338,3.62089597349
5.64555183854,3.61398323886
5.62773694207,3.60663159698
5.65331072308,3.61745796813
5.65120053045,3.61751420521
5.65141918036,3.61706632221
5.63788852661,3.61126756267
5.64517133076,3.61159846564
5.6571165292,3.61664810991
5.64432326463,3.61245669464
5.67385584982,3.62987907583
5.64886859645,3.61164540023
5.64276242339,3.61589479517
5.64657602519,3.61255324461
5.65107924948,3.61464858991
5.64095014976,3.60822289832
5.65613657,3.62192097191
5.64375033921,3.6146611883
5.66018601212,3.62689010638
5.63558877638,3.61045457244
5.65142445813,3.61942734628
5.64653536163,3.61455269146
5.65257856046,3.61353625036
5.65204979497,3.61559189951
5.64982466632,3.6142340534
5.65138112545,3.61818264086
5.66844705477,3.62281377549
5.64535265111,3.61196340334
5.65207033906,3.61961785438
5.66024663541,3.62203625025
5.64052621008,3.61016404728
5.64312970212,3.61704748606
5.65877582154,3.62088142568
5.64909924444,3.61682055272
5.64807039408,3.61184481992
5.65482764019,3.62090947795
5.64864077497,3.61569225555
5.64210368097,3.6086541837
5.63916057743,3.6022190579
5.65272526239,3.61502061841
5.65340818557,3.61559323355
5.64996934052,3.62226723472
5.65661057044,3.62062934365
5.65349743934,3.61992964417
5.64360650298,3.61175192522
5.64266162926,3.60742344451
5.6566018692,3.61800609379
5.65255176036,3.6203997898
5.64900973858,3.62020395678
5.64391146875,3.61266828848
5.64863309475,3.61740795032
5.64579273248,3.61717206635
5.6477302051,3.61256360149
5.6549315424,3.62127651425
5.63565766607,3.60652473245
5.65971522804,3.62291722251
5.65017069435,3.6164782489
5.64510445177,3.61493158674
5.66103379519,3.62535042258
5.6450977086,3.61584162942
5.64585242119,3.61449380588
5.64772709986,3.61317292108
5.65502885124,3.61885974564
5.64477100478,3.61455396588
5.64368825951,3.61980115496
5.64499489862,3.6107655826
5.65006520589,3.61906641768
5.63527954649,3.6046078011
5.65378190792,3.61615605722
5.65463557888,3.62095376638
5.64499309564,3.61551421517
5.64760702791,3.61579995932
5.65466419236,3.62110093612
5.64403318709,3.61178799683
5.64529089104,3.61227726074
5.64660355901,3.6130765694
5.65869352422,3.62095068323
5.65038140432,3.61854135184
5.64988719601,3.61241678942
5.64366844321,3.61334826051
5.65833764931,3.62228616363
5.6498700067,3.61362009971
5.65707240743,3.6199745442
5.66384291422,3.62463229966
5.65898039423,3.61614388541
5.65512776075,3.61631183811
5.65271026839,3.61805416984
5.65717892886,3.621811652
5.65155582627,3.61486197835
5.65764762449,3.62231575654
5.65145510049,3.61750690434
5.66305681446,3.62923077404
5.6518936112,3.61416525062
5.65737825933,3.62387003969
5.64478919655,3.61572425688
5.6458776639,3.61138697458
5.64977115778,3.61406383635
5.64931851972,3.61773296467
5.65069067523,3.61405195384
5.65361862841,3.61714636491
5.6527540185,3.61573232983
5.65282120537,3.61842991084
5.64970822395,3.61592160836
5.65279189364,3.61390571461
5.64362474614,3.61252712381
5.64009093757,3.61153943979
5.6305533175,3.60239841728
5.64706244817,3.61199919466
5.64630414263,3.62022415036
5.63815381404,3.61077865599
5.65452457984,3.62241259587
5.6468983749,3.6133356015
5.64963708058,3.61818622787
5.64541079341,3.61882087279
5.64171880164,3.61171900462
5.64028332258,3.61267505226
5.64762931033,3.61358765683
5.66149564204,3.62290061809
5.64885029233,3.61187409106
5.65060223993,3.61796316575
5.64773736659,3.61429335059
5.64829726198,3.61295086772
5.65398312059,3.61637816168
5.64449508529,3.61179559425
5.64801531906,3.61646352643
5.66567339296,3.62437067545
5.65570806223,3.61594099682
5.65315635544,3.61747390422
5.64947311826,3.61964129859
5.65328623938,3.61767095524
5.64736352806,3.61139194782
5.65431832167,3.62065753109
5.645875448,3.61390096949
5.6492151647,3.61619164866
5.65066714548,3.61275761046
5.6514406934,3.61909211955
5.66602045186,3.62551150862
5.64367997501,3.60856306164
5.64623414487,3.61368024112
5.64025394215,3.61186511984
5.64405136931,3.61134738643
5.64064509681,3.60849386418
5.65439132443,3.62057362811
5.64111874218,3.6157712689
5.64836220221,3.61459762201
5.6449883615,3.61590831567
5.64866726412,3.61520688877
5.64600766455,3.6121794281
5.64148031252,3.60988565923
5.64771804992,3.61270017669
5.64893258839,3.61646861813
5.65198390405,3.61775674551
5.65179133074,3.62169344058
5.640988293,3.61369727231
5.64468747666,3.6163415651
5.65802340918,3.61939288032
5.6191559634,3.6096231905
5.63463681181,3.6423730366
5.63743470978,3.65845398299
5.58026366054,3.67740184994
5.60767588895,3.70076991989
5.55353802309,3.70293294166
5.5749116864,3.81311528576
5.10318428498,4.13961397807
4.99815153214,4.19747910565
4.91860250116,4.18128989172
4.77593312513,4.1898063595
4.6746046844,4.1556749307
4.58625777567,4.11042951979
4.52367820358,4.08452790783
4.38114393707,3.96073723597
4.27486119299,3.88910296358
4.23048609206,3.83226305597
4.19295894087,3.79904293945
4.16209099163,3.77870916934
4.13879918087,3.74938290105
4.14051827773,3.752656144
4.09846259615,3.74568648882
4.07696110995,3.73529664366
4.05166738111,3.71457023629
4.03288782029,3.6932901316
3.98952007796,3.66950363543
3.94444361773,3.66367051769
3.90782646258,3.64257554658
3.87321317256,3.62351716308
3.82970899097,3.60610763686
3.79534153963,3.59486673865
3.76971073101,3.57890213807
3.72933380238,3.56464080193
3.69592421454,3.54938537307
3.65938059619,3.54116889108
3.62532247804,3.53719076256
3.59770474576,3.52699620221
3.56503989269,3.51627135434
3.52434069207,3.5053485075
3.4902975615,3.49845726228
3.46199902866,3.50036519142
3.42979229076,3.50068185814
3.38493554683,3.48460458477
3.34836238376,3.48370247822
3.31708149431,3.48808292791
3.2806868267,3.497382733
3.25032776829,3.48305132473
3.20523137159,3.48877479618
3.1752695143,3.49942502023
3.14601709306,3.50385367404
3.11831338936,3.5079157258
3.08523476071,3.50598078016
3.05663434658,3.51875506297
3.02694856324,3.52797245379
2.98774612929,3.53693202484
2.82445264246,3.6002776083
2.78183638641,3.61392732513
2.66397895512,3.63516184527
2.62545810118,3.63867873449
2.57963932655,3.63936699226
2.53832288638,3.63081457842
2.48758134203,3.63204143258
2.44318122247,3.62833645302
2.39264319839,3.62131955697
2.25385735922,3.57311112201
2.2082748978,3.56151534364
2.17194547388,3.55900041568
2.1333322378,3.54647722017
2.01601758569,3.54789493453
1.98606043707,3.54254834808
1.95066423867,3.53408059102
1.90975107518,3.5327686675
1.87575712707,3.53825799244
1.8481219649,3.54777357062
1.81656816432,3.54069560929
1.77491256087,3.54253309431
1.73721145002,3.5522505844
1.7150459645,3.56108146789
1.68858623916,3.56628340287
1.66444008459,3.55889500664
1.62080418066,3.56752872731
1.57863959358,3.59010682103
1.54367852221,3.59628439969
1.52145165519,3.60052137359
1.43687499116,3.6616083919
1.42377364918,3.68633389944
1.39137998862,3.69270084472
1.35605367048,3.71255342467
1.32683736754,3.74060290056
1.29192158124,3.77753939659
1.25734881503,3.80083166529
1.20303001458,3.81659630477
1.1597662472,3.86632713873
0.939646243856,3.99038067101
0.710311416704,4.06362663057
0.660785527711,4.05895701297
0.601930714081,4.07463447875
0.550225864922,4.08736783028
0.522087098563,4.05993286235
0.520147967302,4.04906861022
0.505874966957,4.05257101836
0.490685950584,4.06143119972
0.5019833216,4.0788120173
0.509138611785,4.09392754886
0.546791417938,4.09412314669
0.586194543309,4.08373921202
0.640243041447,4.11303279298
0.737819021495,4.17219637461
0.798911663892,4.19232395468
0.861841586071,4.21361334926
0.909945311694,4.21727580777
0.98752596476,4.25585554335
1.03112580818,4.26024928996
1.03033928625,4.25437336218
0.990549858448,4.26224905512
0.973440742437,4.26586069055
0.946486399566,4.2404517311
0.837702597094,4.21000799403
0.755626737156,4.16994833292
0.688086422818,4.1056999336
0.652804172914,4.04867038805
0.581346557455,3.96918171196
0.516077515493,3.89976102664
0.473012475815,3.83392804004
0.457272583924,3.76632420245
0.446313426795,3.70382718975
0.420602320809,3.6576723449
0.407920007149,3.62556190013
0.407064603115,3.57571177308
0.411630248979,3.53139921492
0.410720087081,3.49016010605
0.424126346803,3.43508152446
0.405431429465,3.40621992062
0.417507184071,3.38008903795
0.426479318208,3.32728383113
0.436128377953,3.28024658356
0.453291618147,3.22376695915
0.462460775918,3.20495481646
0.480082786853,3.14700115179
0.510390649197,3.07672476882
0.560700045845,2.99598043078
0.58875418295,2.92385112754
0.622074523773,2.87305192552
0.641542270791,2.82132113591
0.656151290372,2.79322398509
0.654170650269,2.76007181337
0.660414579892,2.74143152058
0.670718662094,2.70631701723
0.680380678982,2.6805076779
0.676534155558,2.65506259053
0.681853017807,2.62461949141
0.68641746237,2.60011398871
0.688771496787,2.57058664959
0.699128638068,2.53832777602
0.694278046366,2.5018097966
0.685799085342,2.47089558296
0.671744498243,2.4474814379
0.67930762742,2.41784475263
0.685589271575,2.37599564352
0.653384076449,2.32185524587
0.641227354048,2.30112620187
0.65706434091,2.26731440876
0.642153508231,2.23741556113
0.614803368888,2.20751944558
0.56404190069,2.15565465227
0.54993469444,2.09773112321
0.542230753491,2.03101638767
0.563017272759,1.97417863117
0.551279264964,1.92484884032
0.551265118008,1.88196150237
0.554237948987,1.83070849584
0.567428323761,1.77621238612
0.560693735673,1.73539076713
0.58001408819,1.68121589898
0.600416869789,1.64782110169
0.616364297367,1.59428121043
0.638993710712,1.55207394925
0.650858034261,1.50559753426
0.663763575237,1.47069751014
0.655987381583,1.43901762202
0.69131430477,1.4056414531
0.694840458195,1.37104680528
0.706146326392,1.33450666959
0.730128439472,1.30505837566
0.739166630522,1.24048837302
0.735802196251,1.20671431473
0.769933252278,1.17161423943
0.825858597803,1.13752331113
0.804518443691,1.08451182412
0.82035703345,1.04657481805
0.831064755365,0.996520960305
0.830866826704,0.950077945433
0.843537127855,0.902096282315
0.859869637046,0.852275154399
0.880057366005,0.800855370136
0.909747547958,0.755511904905
0.974417298238,0.72037101972
0.972524893766,0.666998256854
0.982255235807,0.619376819596
0.998672547511,0.585560305211
1.0497586524,0.572200462346
1.06913479888,0.523990675859
1.10177092975,0.50712922073
1.11371023822,0.487377503052
1.1215514341,0.470575316069
1.1341559916,0.455587567458
1.14834592057,0.445192125824
1.14998927547,0.42916281383
1.18208302033,0.415210934381
1.23799269268,0.404871092474
1.26982223646,0.378947363277
1.30983091516,0.36085186508
1.31514382239,0.331590218507
1.35102590912,0.340099764275
1.3484985881,0.316930538671
1.36007311659,0.312952026115
1.40441329979,0.320460180428
1.4058024021,0.284745077327
1.4497913991,0.281797852397
1.47757583275,0.25492774826
1.52987734284,0.266036946294
1.57104779619,0.236501761731
1.63069279845,0.226790565574
1.69370534892,0.219565320113
1.76852827046,0.227154413448
1.82088391566,0.216596424391
1.89169399512,0.271541921086
1.92472531692,0.246699329304
1.95824328137,0.28154359096
1.99507443993,0.347637012339
2.07623724572,0.33709708843
2.09656204294,0.36271404232
2.12810434851,0.378815643213
2.16645155238,0.396175391845
2.19497382974,0.391702484808
2.23384319198,0.396770743333
2.2719968153,0.40706035025
2.26902403903,0.38971748547
2.29628950728,0.413934964981
2.32522818323,0.408322932104
2.35540201493,0.403265097144
2.38808781663,0.416814174141
2.41792242816,0.402628406107
2.45180226701,0.40499785978
2.4898189992,0.399780952406
2.53503744755,0.396057798205
2.57287559026,0.391115105423
2.61324805414,0.375042903183
2.7503378951,0.327237738763
2.8831846204,0.270799824404
2.92555253491,0.270012744501
2.97324078795,0.272532652969
3.02145360598,0.274055118572
3.09373794904,0.260968594274
3.13160473826,0.268283901001
3.14739310786,0.280125547454
3.20068661365,0.29040785563
3.27404781116,0.319027962671
3.35388282955,0.380281775907
3.38552360211,0.396593475124
3.41358159049,0.401710345848
3.45444306165,0.41887184763
3.47393029401,0.402300443058
3.50916774746,0.40302207827
3.55355112687,0.409368130569
3.57500153935,0.408885153173
3.6116441697,0.409554096687
3.64467405994,0.392288058307
3.67331281879,0.397909529141
3.71825348532,0.420914768513
3.70913575952,0.367773340025
3.76348113291,0.366157193602
3.7876625901,0.332784710196
3.82025449167,0.312080588554
3.86703485691,0.282729834809
3.89419289322,0.250408043557
3.95790100444,0.249931728366
3.99703633994,0.250611774596
4.04905078114,0.238755126592
4.09612375851,0.243054106576
4.14419057682,0.239628705847
4.18388194625,0.239901835627
4.22780079923,0.241332264631
4.28146583122,0.252828653625
4.31829059102,0.264973949079
4.36074663053,0.334716313706
4.39586332657,0.385298700296
4.43125268382,0.390631312261
4.46470317004,0.398165421855
4.50187234128,0.408968549936
4.54898798852,0.406224708348
4.57580623017,0.415570082757
4.61061810227,0.440368147378
4.65353115233,0.43514169411
4.67667528031,0.419193787836
4.72422615369,0.394353593202
4.78283434023,0.362486700183
4.85355265739,0.335087942379
4.89151891054,0.350740175009
4.94503028825,0.343483361331
5.00068022098,0.338556594408
5.05239964363,0.354159371343
5.09708832372,0.3478741423
5.14789545538,0.355863450306
5.19464767731,0.384191882986
5.24150738534,0.379076757899
5.29366471163,0.405711075841
5.34247865831,0.429389724129
5.39730188871,0.458611419644
5.43949418555,0.480898851571
5.49111591694,0.51954352167
5.53998660765,0.568322012412
5.58450456826,0.620516281115
5.63233489793,0.664771307344
5.67732570036,0.698941227982
5.68826203563,0.780985256677
5.73931163085,0.833717965005
5.73919551299,0.910441235481
5.78874197211,0.931132984433
5.76856988019,1.00814377422
5.78555086235,1.05869155846
5.78819516756,1.11647794817
5.79870307612,1.15898231978
5.80581376659,1.21767473621
5.82500527402,1.25882871914
5.81709434454,1.31197461301
5.82500200304,1.35674213826
5.79471179681,1.41374201348
5.764234157,1.46253839532
5.78632405605,1.5122005373
5.76515355501,1.5563008688
5.75362338571,1.60154274205
5.71499802858,1.658119947
5.7243296652,1.70748086564
5.67803129952,1.7379844121
5.69206452465,1.77015190504
5.66402073375,1.79741777336
5.68300078663,1.85338041909
5.65901441919,1.89631726827
5.63066967011,1.93322770543
5.65647237742,1.96958119258
5.62177349531,2.01123950844
5.64370385985,2.04630527781
5.60171858662,2.0743283332
5.65491810533,2.10855198781
5.64685118615,2.13606348867
5.64147936034,2.17315759408
5.65785486153,2.20722336311
5.63336813286,2.24252824005
5.63907995248,2.2734616739
5.65870833734,2.3243549099
5.62754147845,2.37858354582
5.65909392848,2.42153389922
5.64431271715,2.46507525168
5.61324592413,2.49672399769
5.61638826076,2.54202982891
5.62923759532,2.59005097541
5.58976971663,2.62621223198
5.57004102433,2.66743883339
5.55033717495,2.69270004513
5.5268506158,2.74739114345
5.54439657621,2.8172517601
5.53871068282,2.86030092404
5.52983346492,2.8944369238
5.52441446198,2.93415392714
5.51748763621,2.97889456446
5.50043773838,3.01560322341
5.50243578844,3.05270747266
5.4936034642,3.0944796199
5.44370856382,3.13900995879
5.42951987875,3.18822467453
5.42080260963,3.23423881279
5.41423123843,3.27471770796
5.39691434922,3.31030646593
5.35474916623,3.34004159061
5.31155650226,3.3752189756
5.3036664689,3.42013847332
5.27236774932,3.44476946751
5.20331927162,3.5147569795
5.17788940843,3.54702164243
5.11906553702,3.57803112914
5.07237157269,3.65664142483
5.01204194304,3.65524236191
4.93807730426,3.68844983356
4.90652011956,3.7286581034
4.8718292627,3.74377971184
4.80817610929,3.74389732191
4.76598312224,3.7499777842
4.73358981717,3.76387203689
4.67988101411,3.77121427926
4.64259799882,3.77659636423
4.55258123995,3.78940509858
4.44429340881,3.76015667821
4.25311975337,3.73027242839
4.20022534203,3.70636093352
4.15903296527,3.6925304342
4.11622416397,3.67585864998
4.08570925902,3.62858282345
4.01159067831,3.58819354675
3.94482555801,3.5643015036
3.91010324823,3.55623082831
3.88826028905,3.533720451
3.84191057395,3.51169817786
3.81591555077,3.49012480834
3.77368608988,3.47693522582
3.75215116634,3.47283583138
3.70883707863,3.4528343721
3.67161970838,3.43750214897
3.60865666264,3.42154812074
3.58065583517,3.41003468828
3.50459039942,3.38919593174
3.4317343675,3.37713421294
3.36214732389,3.37143357976
3.32514219466,3.36812289973
3.29711008507,3.37268330874
3.25377482602,3.3861536902
3.23470376005,3.3807275361
3.19360676081,3.38208115988
3.16591341746,3.38410659744
3.13513386828,3.38907464027
3.10752275473,3.40146248132
3.07881086584,3.40439434289
3.0487354366,3.41998479939
3.01971359512,3.42832540008
2.98037890263,3.43761469518
2.94729990137,3.45469294152
2.9255146264,3.47255103307
2.89298149604,3.48947961728
2.8675723572,3.48858577047
2.83642811519,3.50458677776
2.80167055416,3.5157801947
2.77935439882,3.54329469702
2.74153985289,3.56321864111
2.69697121477,3.58304175663
2.65598684996,3.60525869738
2.61863153719,3.60934055076
2.57213404278,3.62687699611
2.52958505662,3.6436007174
2.49184933324,3.65446504841
2.44353901281,3.66189989315
2.39114793793,3.67291840403
2.33780076478,3.67579655146
2.29072694938,3.66866278054
2.24350272239,3.6659297048
2.20109022051,3.67233126615
2.1614765208,3.67809911442
2.12857946343,3.68022953087
2.09806810356,3.67944379424
2.05907014268,3.67779644033
2.02971282945,3.68278921602
1.99163066694,3.69514082958
1.95564568378,3.70437174405
1.93015079443,3.70346983038
1.8854032653,3.70907685028
1.86110206583,3.72368439837
1.82374130435,3.74109047828
1.77268931226,3.75461243071
1.72123743586,3.77505641282
1.67703851388,3.79642453176
1.62293740675,3.81433963068
1.58859975341,3.82118909665
1.53527145322,3.82878818517
1.50502363674,3.83039118451
1.45009166157,3.8479847502
1.40097002958,3.84569397904
1.35286056743,3.84377916016
1.29972782061,3.8394410692
1.26318720596,3.8277941577
1.20777552931,3.82345282875
1.15539227278,3.81546275612
1.10584743637,3.78928844088
1.03427871152,3.77908772782
0.971723438475,3.77200504185
0.922187052172,3.71706735189
0.861638756532,3.70637518207
0.793832275307,3.68552700174
0.750059361516,3.64509440452
0.694876551088,3.63321797338
0.669111999459,3.59192263312
0.60903739004,3.56250244505
0.561945696584,3.53405320289
0.532325055003,3.50221006347
0.498861325064,3.46417374123
0.491223700139,3.41243112242
0.456184379822,3.38618944799
0.4292684658,3.34950866621
0.424768672084,3.3006939281
0.410641014073,3.25509949322
0.39255030709,3.16254283782
0.383241115945,3.0240590523
0.392922755602,2.8880046557
0.407731073907,2.82913476781
0.423629066407,2.76506465123
0.449955610096,2.71194378014
0.458612905624,2.68517950622
0.48322291258,2.645476712
0.524967127293,2.59869329054
0.543251153541,2.55097521777
0.578429787939,2.50765272541
0.590596067764,2.47545867649
0.588363549683,2.44572982208
0.604229295041,2.4070180992
0.616354838045,2.37097008669
0.621196546427,2.34633054572
0.61657227774,2.31967901344
0.641697738965,2.28607679213
0.632399560543,2.25575951686
0.631802231679,2.22501761784
0.645016472809,2.19695742861
0.628920682521,2.17965433788
0.636582609578,2.14800329615
0.641307179571,2.10578900867
0.631293701398,2.07321177247
0.633994031864,2.03516270456
0.649136515219,2.00305249213
0.644025332358,1.95455164873
0.635567119723,1.91116244692
0.640067639194,1.87764739442
0.623527503031,1.83610654822
0.610852530639,1.78674142687
0.621752753392,1.72633728998
0.636611141056,1.6694687674
0.61724234949,1.63215912317
0.615045256524,1.60399935128
0.626543814471,1.55931242162
0.647529367775,1.51550083877
0.664806099431,1.475015136
0.697409011645,1.4402649626
0.677878034097,1.39902378448
0.728010824957,1.3552778515
0.755820375962,1.31520174371
0.75515585213,1.2668294002
0.773737812927,1.22599436979
0.781380349355,1.17558854684
0.798507452176,1.14368269264
0.771246718781,1.10487102483
0.803837472794,1.07733142917
0.810470225533,1.04823854968
0.812177589021,1.0072713854
0.84247297174,0.967267280507
0.853996081943,0.920544124102
0.851588041404,0.881531965618
0.87709369332,0.855635642519
0.873592454889,0.814461395678
0.915066244581,0.779152897271
0.932628371275,0.733929228655
0.961156363375,0.702777043182
0.962034452669,0.65171162589
0.990557788111,0.613194350632
0.947021004126,0.54698177336
0.986070264323,0.518656470149
1.04074751779,0.504504199938
1.00133859007,0.43668877757
1.05340819737,0.418557017605
1.05697258147,0.375826793087
1.04861454384,0.332795864661
1.13594133242,0.320237263743
1.12294125617,0.260092229685
1.20481670151,0.263782497059
1.18195941456,0.203548710925
1.21498596689,0.174818533182
1.28684736854,0.168431371103
1.29925405176,0.128109828195
1.33496736359,0.0990478545387
1.3866287989,0.0904838265808
1.39771730245,0.0390707933049
1.47219190292,0.0378579579533
1.52775418401,0.0414076593513
1.55218306739,0.00743686682032
1.59916850664,0.000742179746339
1.63175434137,-0.0420942512459
1.68986154819,-0.0222898180013
1.72699537407,-0.0409647786605
1.78028177062,-0.0379182631468
1.83152820586,-0.0281389206975
1.87346875803,-0.0462069597714
1.90755120915,-0.0238690705788
1.95099051557,0.0102782211043
2.01148505792,-0.00655610476626
2.05636894187,-0.0123499575018
2.15184564366,0.033312851757
2.20749187475,0.0568697995496
2.30195074277,0.125513384392
2.33877408066,0.163799384611
2.39758788878,0.183907617567
2.45156725996,0.237569255892
2.47432591819,0.277311990931
2.490383919,0.308489494253
2.49863197298,0.337656491469
2.54056101029,0.341716913285
2.55721869991,0.390521914093
2.57633012953,0.41302192382
2.61867943131,0.421506665424
2.63717822784,0.459619970099
2.67345068904,0.488425441913
2.70493722017,0.524661865713
2.7462476509,0.521546420869
2.77198167944,0.563377617383
2.79780515857,0.585044754736
2.85627923207,0.591221183258
2.88854186288,0.601334446778
2.92410493439,0.624694874071
3.0236852073,0.673806108899
2.99583867881,0.663123630888
3.08117230398,0.671138083608
3.09673256126,0.681194101403
3.14552410652,0.707482592424
3.12073370833,0.69191740404
3.11786626202,0.694965462223
3.21046300156,0.732421723966
3.24482048018,0.725615631799
3.3001521553,0.737079914158
3.35114437852,0.757833863383
3.3237393041,0.772201205326
3.35102188828,0.743974187454
3.42478820802,0.788144355972
3.42226290013,0.762794187155
3.46982060873,0.763622890025
3.52240714299,0.780996820271
3.53093046459,0.758573942707
3.5384636251,0.735520484071
3.6142281465,0.770443751563
3.64101544129,0.76009618802
3.64778754402,0.74531267185
3.67522764337,0.723744455319
3.6937545485,0.724278643226
3.73244797033,0.72220591813
3.78416962496,0.740851222918
3.79982171606,0.734636790333
3.80306715233,0.678993878216
3.84749800885,0.693687011477
3.88089686432,0.679160034238
3.89135852996,0.643783975407
3.90503706275,0.626409790861
3.95737846634,0.650701702771
3.98078746274,0.635736946881
3.99231855926,0.580873557448
4.01463326778,0.584184986587
4.04904703246,0.568145813335
4.07352784683,0.508092191818
4.11634601334,0.480184419527
4.16297423106,0.460565997307
4.19826814185,0.411613430401
4.23288398151,0.366721559961
4.27466031164,0.342744193436
4.32134291166,0.313486886936
4.35902658191,0.302182372479
4.39003389707,0.262258437027
4.44408300281,0.245239050358
4.49097064254,0.222503621009
4.54557025405,0.218495846833
4.59788381947,0.200894690043
4.63638856336,0.187297171912
4.69930154497,0.18904891756
4.76137677153,0.183044617176
4.817754761,0.180484490992
4.86846850455,0.176070911614
4.93038057547,0.18835231482
4.97893155282,0.18972643192
5.07848582111,0.211314153925
5.13468448515,0.227861301419
5.23824806027,0.255557674905
5.27719039959,0.28063138945
5.32643929621,0.28795913318
5.382699633,0.302677510556
5.41777681057,0.335681447788
5.44400583594,0.373753179862
5.48839918098,0.398148176157
5.54732106133,0.420577235476
5.58147039711,0.480429537652
5.60811438682,0.520092707128
5.62983182912,0.572484097747
5.67794989658,0.61687128376
5.70399703585,0.690143312121
5.70435052614,0.77500936393
5.7497446901,0.818801426343
5.75628109063,0.881796586499
5.7705801227,0.936626612847
5.76764665854,1.00377315205
5.7786483802,1.05211387257
5.78394426839,1.1065567982
5.76452650768,1.15913024703
5.76432107368,1.21190185236
5.78216475946,1.25341846699
5.75137704872,1.30375208364
5.73378975553,1.35780362178
5.7114505891,1.41527350669
5.65634323633,1.46479688474
5.6426319556,1.50523274755
5.67094392175,1.53709258708
5.6641613411,1.5778371097
5.65045485738,1.61687332116
5.64766904089,1.65243050949
5.63111188563,1.67925222553
5.65675379358,1.71325807831
5.63264029027,1.7510047045
5.62752949213,1.79819621717
5.68599720212,1.83168189599
5.65596791908,1.87324916296
5.63291012634,1.91133208336
5.66633095294,1.94934530177
5.66592096492,1.98438745076
5.65784137659,2.0169795371
5.66894303711,2.04996165876
5.69024833262,2.10252177998
5.66142655905,2.14853480829
5.68947242448,2.21034249085
5.68374920572,2.25608550615
5.67944445142,2.29609577236
5.69914520946,2.34558149934
5.66676078222,2.38905741476
5.63862548745,2.42792514078
5.60491378617,2.46778538453
5.60620463362,2.5115487816
5.60843784017,2.54954871793
5.60139830051,2.59087566948
5.58292543105,2.60896431246
5.5896437886,2.64177838236
5.57195780657,2.68593317602
5.56267402751,2.72924724578
5.53774276622,2.75155044734
5.56588586465,2.81323914945
5.55949313953,2.84475391336
5.54983455331,2.87549920861
5.54749392147,2.90914517619
5.53653951039,2.97047673951
5.50825802056,3.00346517163
5.5393537073,3.07328375083
5.48722711235,3.10914674167
5.48388636206,3.15300082061
5.47150394918,3.19302862739
5.46377336683,3.22991844721
5.44010993347,3.28024013397
5.4256963504,3.32918015704
5.39081340171,3.35875967797
5.36795505865,3.38533954528
5.33521015746,3.42660686876
5.3252357643,3.48392189304
5.27005552145,3.50602727443
5.23530588576,3.53287341425
5.21447069509,3.57877969793
5.16523679598,3.60566058428
5.13327622852,3.6346820743
5.11110436676,3.65554193775
5.06182301477,3.67741534192
5.03446728797,3.71311711237
4.96525537136,3.71390030673
4.93404740963,3.73636043379
4.89724453172,3.74000762806
4.84438700645,3.75317123623
4.82187032476,3.80049190724
4.76780541019,3.80040085375
4.71600881202,3.79459840598
4.67011762137,3.8002488454
4.62852483053,3.80315969728
4.57665444247,3.78845332035
4.53581505226,3.79698311665
4.48383810325,3.78954140935
4.42943185561,3.77353916725
4.36628877395,3.76190620644
4.32791670054,3.74892928632
4.26815190493,3.72487292732
4.20398020376,3.7099773545
4.16325051675,3.68986040138
4.1300018134,3.6744821266
4.09137979548,3.67361611685
4.05766572471,3.66111086038
4.01157478265,3.66367343415
3.96818786514,3.6566532758
3.93583673077,3.65269765883
3.90353909209,3.64974145842
3.86586582284,3.6461214698
3.83764566897,3.65859397382
3.80431682782,3.68672578178
3.7568223986,3.69060373572
3.71204875706,3.68510668401
3.64774867923,3.67991527153
3.53858185597,3.64684016855
3.48549737298,3.63056762393
3.44834252153,3.606867809
3.392858849,3.58454082839
3.2931538866,3.53031398716
3.25274168185,3.49548526413
3.20615714052,3.4672106137
3.1704460057,3.42281678226
3.13442598026,3.38801611983
3.1141299661,3.35374057703
3.07893230949,3.33508163262
3.05380034025,3.31590870208
3.02777702922,3.29481369818
3.00490508942,3.2773435595
2.99109575283,3.26805804734
2.96000677244,3.26126969124
2.94365775591,3.24240898183
2.8976559305,3.22477224722
2.86701845802,3.20365245327
2.8486127085,3.19095793082
2.83497978063,3.18930842009
2.78030427867,3.16476545243
2.73101360386,3.13754359113
2.70859301963,3.12319638254
2.67640471421,3.1057267756
2.62765776024,3.08706175578
2.59164189321,3.06743471708
2.54604924694,3.04682485929
2.49461838477,3.01826951498
2.46211286313,3.01404313155
2.42369060613,2.99717931823
2.38765901229,2.9978540188
2.36285118,2.99044744882
2.3430190177,2.99757294035
2.3114327911,2.99065554389
2.27754845599,2.97872117587
2.25121495471,2.97800118506
2.22260684798,2.9912779704
2.19789641838,2.99648011118
2.17052835422,3.01180242532
2.13232589817,3.01942249247
2.10154834037,3.02191102173
2.06862067997,3.03662609031
2.02889988452,3.03787310893
1.99223672124,3.05977130915
1.91294895749,3.09719923866
1.8813685006,3.1122224987
1.84061110769,3.12441858443
1.81789483543,3.15922358997
1.78267023433,3.16761936032
1.7505639351,3.19171920693
1.72370980579,3.20411489018
1.70829623841,3.22595806589
1.68565840614,3.24188289409
1.66093835145,3.26337292282
1.62790864183,3.2712930823
1.60859089804,3.28668890731
1.59671482927,3.30804476085
1.58383578488,3.336660576
1.5673136069,3.36356210411
1.5548081997,3.38270599168
1.53083810577,3.40556879942
1.51053206894,3.41348078244
1.51564588494,3.45118970705
1.50669997435,3.4693513857
1.48829170445,3.48479629047
1.46732185035,3.49944673013
1.43695429815,3.53696459786
1.41198026882,3.59216826333
1.37034999604,3.62280267263
1.31900296902,3.67016457279
1.27350134712,3.71007878456
1.2435379411,3.74403486864
1.17518208239,3.7730405747
1.13031431627,3.82631501053
1.08647442529,3.84153459797
1.01208244271,3.87263399752
0.965982397096,3.90619681329
0.929105044187,3.92425865201
0.914267899331,3.93190675998
0.895579144535,3.93552999853
0.88648073386,3.943316663
0.914044079824,3.91431722874
0.928680789565,3.91754511423
0.965073515594,3.88964299942
1.00454017609,3.8874334404
1.06441015459,3.87008022573
1.1227420033,3.85528143181
1.21087171058,3.84478464659
1.27903540646,3.83631345909
1.31993567406,3.85420470275
1.32754114174,3.85696332189
1.32116775907,3.84788910884
1.292658036,3.85764545287
1.25633592576,3.85354615074
1.20398991215,3.86062058827
1.13441139705,3.87121049422
1.04529672586,3.86504064024
0.958024890912,3.84242501272
0.859757241843,3.82928061043
0.758044825455,3.79887371721
0.666518998984,3.76108665453
0.603905623257,3.73376274803
0.540834407939,3.71077430715
0.508373977173,3.66996589908
0.464561349937,3.65095714832
0.426007596862,3.62473362958
0.399112327987,3.58700678622
0.37159399776,3.55857001706
0.336004387652,3.53152491086
0.311268501291,3.50643169836
0.297041644623,3.47271787273
0.262646798281,3.43390492709
0.255700367315,3.39808085106
0.239169242512,3.3578994707
0.224265934308,3.32800375139
0.199128980358,3.28333269577
0.200435772134,3.22721135495
0.17940467548,3.16492802634
0.185635863185,3.10934075864
0.186402487372,3.0415804653
0.19075393009,2.9627230449
0.21307238849,2.89008320795
0.216257874428,2.83242155979
0.233851142963,2.77872202217
0.247746287699,2.71526576603
0.267701569929,2.67868641284
0.310747797816,2.62224230901
0.304950031735,2.58351119101
0.334055827846,2.53694103236
0.389021661748,2.48848150755
0.415065704672,2.45550791023
0.439402777544,2.42581961708
0.471113489478,2.39124453034
0.507033163435,2.34961756654
0.518707000907,2.31623413481
0.522315418007,2.28564740062
0.568256257328,2.25459607921
0.570880026479,2.22750172106
0.592741955948,2.20467113696
0.611075272698,2.17262360079
0.632478420309,2.16153125456
0.629593362704,2.12823473446
0.649904834478,2.09789409659
0.654328176924,2.06859614493
0.669105430591,2.02988059791
0.682079694199,2.00347664286
0.692205419808,1.97648056211
0.696700658366,1.94627966777
0.710585459525,1.90997963403
0.709575556695,1.86929334583
0.717558065521,1.82332193296
0.728884901882,1.78930442805
0.72199929514,1.74754243351
0.720181434876,1.70653612577
0.739553209636,1.66554359851
0.725706361857,1.64095947706
0.732617395657,1.60853031712
0.727355057721,1.57996548288
0.761419501835,1.54215607473
0.767878870298,1.50489155812
0.739481929227,1.48085056836
0.739768266938,1.45519753977
0.731602933236,1.43183982635
0.689718497179,1.40070501839
0.734057740453,1.31101474327
0.718390678655,1.21285937396
0.750624336797,1.17484076134
0.714447334904,1.1183604121
0.717309460507,1.06937811205
0.752555683979,1.026738528
0.733617959716,0.979296519058
0.714358254938,0.927193846932
0.769587972097,0.898091040962
0.724973154349,0.836856903171
0.760915843155,0.78714250367
0.811755593352,0.744139395437
0.838484832223,0.64821002305
0.884924534582,0.620526110705
0.904587955252,0.574848439083
0.944232928994,0.538891384196
0.97070919441,0.509633041073
0.996589484063,0.468362621728
1.01207860858,0.43551226141
1.0196771796,0.38759728474
1.05694511926,0.367065803374
1.10746933884,0.34237024257
1.12731356204,0.307454229782
1.17236991433,0.280344922444
1.20437201368,0.26448275519
1.23507995221,0.232904815114
1.274631697,0.220900196551
1.34447590424,0.232210415939
1.33391892917,0.21277111808
1.34940720079,0.220613286397
1.34472817611,0.201817199396
1.37817902697,0.208311244386
1.39791053295,0.196424230919
1.41433293726,0.181326390378
1.45854460998,0.159748984312
1.51320027486,0.144788583512
1.57721136977,0.154836797855
1.62177368284,0.127901736516
1.68994449371,0.123918144263
1.77366001991,0.152892720468
1.84036902604,0.165792411134
1.88371637461,0.168289231671
1.93443870392,0.191742664061
1.99141515539,0.257881413785
2.0152965573,0.326524485517
2.06422340914,0.333309814999
2.09432853549,0.299519241481
2.12481324766,0.330092423871
2.16078219648,0.355525036166
2.18237144008,0.355527218962
2.21813520809,0.366643586718
2.25291951998,0.387353319727
2.27964507003,0.359394886722
2.29095604669,0.372067173426
2.31876999511,0.388385513938
2.34629129684,0.378324696537
2.37203488846,0.386103597927
2.41128274621,0.382990255914
2.44739278318,0.38085006885
2.47901821668,0.380912540023
2.50640319888,0.378983844811
2.55885395496,0.366715878855
2.59740663715,0.37164487021
2.63493895243,0.363235109386
2.66998399399,0.359123139516
2.70964839707,0.343538461858
2.76157844807,0.328885846005
2.82831909919,0.293651493219
2.89096590168,0.257118924644
2.9423218022,0.254805374394
2.99340491109,0.24103198793
3.04548621944,0.242937461638
3.09360643628,0.244381636564
3.13495607165,0.251959504669
3.16689372073,0.251267817588
3.20421944143,0.260678526313
3.28556101889,0.27482802616
3.35935360468,0.333845829969
3.36538368821,0.347291834413
3.42562668303,0.365564870856
3.45727795781,0.371003229206
3.48925907262,0.386209904314
3.52661978453,0.382950880439
3.56366370494,0.374375223849
3.5967036539,0.381445852694
3.61816498746,0.373637988238
3.6666335209,0.372531475085
3.70479244916,0.383387308973
3.71801033824,0.363461172218
3.74842321079,0.352303165362
3.76882671107,0.336157569599
3.80904593301,0.330144675839
3.82370476196,0.309612609599
3.86328360554,0.273587370343
3.92757454697,0.25500078941
3.9628210128,0.236752982016
4.00724456847,0.224319697481
4.05010348379,0.219023003347
4.10365482005,0.210519525401
4.15056520472,0.200573171636
4.19128837086,0.206239362645
4.24039284865,0.208444439774
4.31959279632,0.214123097046
4.37430090516,0.208848558569
4.42489855811,0.228835212361
4.47004613826,0.25453164241
4.51753933473,0.254827506242
4.56733116164,0.270870436306
4.62187461517,0.307520424745
4.66493760972,0.307522186051
4.69860482037,0.387318189257
4.71667569528,0.448887483621
4.73412028035,0.50830487502
4.76761987223,0.504966507829
4.79699166087,0.508745782915
4.82839851325,0.528840552346
4.85330857597,0.558521842658
4.88145119006,0.559114131331
4.91001371105,0.577905165324
4.94603637754,0.578549215593
4.97852373345,0.590606927243
5.05895325789,0.590520291904
5.14523286741,0.567561147346
5.19964047377,0.571635316155
5.27768694005,0.586963431359
5.32460898968,0.635352514184
5.39403824148,0.649740702494
5.4282617609,0.690907626217
5.48631080621,0.726279780366
5.51538608907,0.780786598133
5.5829715149,0.79901293909
5.60750553727,0.85796100082
5.64105529461,0.896970974886
5.70222400985,0.928753628951
5.74433484835,0.972506419697
5.75759412538,1.02138163535
5.78452004221,1.06543933089
5.82117299032,1.10168780384
5.8213319913,1.1670875451
5.85413326738,1.20981206578
5.85445673143,1.26075884393
5.88533099429,1.3080343322
5.87699033844,1.35689446051
5.87710210225,1.40539263776
5.85007976959,1.50672656881
5.87778149208,1.5358361728
5.83213294337,1.59576895052
5.86703222601,1.64912194297
5.84751240537,1.69023083906
5.8313637712,1.74416659977
5.77249767159,1.79765854203
5.7780133769,1.85516847999
5.72883719584,1.89842292643
5.70391417648,1.95300153795
5.73759205085,2.01219414731
5.71462165817,2.08567744504
5.69772098591,2.12194072348
5.71276085191,2.15617687327
5.64765918352,2.17537604764
5.63844065238,2.22027721954
5.65058805286,2.29245734935
5.63172859175,2.3285264455
5.62986104959,2.36266021599
5.59114765062,2.38166409509
5.57689371037,2.43463177924
5.59007510366,2.47650410377
5.61643569678,2.51685862697
5.59898123477,2.54179608874
5.59300919918,2.5765865117
5.59613409637,2.60923646272
5.62374147669,2.72758086465
5.63689838557,2.76412930146
5.62831715997,2.80314450069
5.63816642694,2.8303340291
5.63994525096,2.8616919615
5.67033914728,2.90109167818
5.63433103018,2.94876074851
5.67712601887,3.01703599901
5.68699740037,3.0615215825
5.67645561454,3.10961733705
5.69663872547,3.16558690806
5.6977026667,3.20939281865
5.67482066706,3.24949250879
5.67183473743,3.28092895302
5.64807070198,3.3225988548
5.65695427459,3.36149492147
5.66068480571,3.41112152271
5.63307274508,3.44883574399
5.61573059872,3.48632968481
5.61818154378,3.5402943378
5.60878543359,3.58347768795
5.57368227008,3.6089379927
5.54354535535,3.65801182587
5.58349817713,3.73647923934
5.52635342338,3.7535439305
5.46466142646,3.78668912211
5.44143730952,3.82139594329
5.40236043407,3.85270171479
5.40627719227,3.92340314716
5.29718727674,3.91495040724
5.30107276667,3.99191251882
5.23614227838,4.0171401452
5.19617633702,4.04697432084
5.17803266846,4.08785178728
5.12297963556,4.0889024875
5.07711396649,4.10567781583
5.04451692118,4.14505939495
5.02169096008,4.15855079018
4.97000990132,4.18737620657
4.87200166588,4.21509402134
4.83506948387,4.22931696356
4.77955162906,4.23026869806
4.74522982012,4.2225924725
4.69053579882,4.21147336234
4.65596453139,4.20280054239
4.53938437261,4.15668684297
4.50015452795,4.13687292782
4.45117741618,4.1136017178
4.41700621918,4.07861508813
4.36511003246,4.03321835963
4.33561828785,4.02684510355
4.26407896266,3.98212812865
4.23189942267,3.92467315826
4.17930040329,3.88457890772
4.13282133518,3.83776547966
4.10024061365,3.79532169049
4.07633115846,3.75239131434
4.03112602726,3.71706414769
3.99947249734,3.68582364799
3.98336176014,3.6420771717
3.95839547654,3.60058493222
3.92528420921,3.55881311633
3.89076522804,3.5404111956
3.87571520663,3.51575198619
3.85349410001,3.48986835775
3.8272450398,3.46245593629
3.8054637488,3.43619428607
3.78199144221,3.41671267
3.72055827003,3.37279508062
3.65270713437,3.30098481865
3.61489004418,3.28940116453
3.58166320408,3.27231964082
3.55546126936,3.24834808579
3.53301429211,3.22675400328
3.38121739958,3.15597454068
3.35652525546,3.12520950396
3.32687592983,3.12141884001
3.27965314164,3.11924215559
3.25873829525,3.09575899004
3.11003346762,3.00575235991
3.08113059988,3.0048190344
2.98695536556,3.00027503724
2.9165147469,2.99983800303
2.87024593604,2.98451935209
2.8285098673,3.01162993584
2.77224002209,3.00769712834
2.75454800162,3.02868665248
2.71540717624,3.0406635286
2.69910512134,3.05463416881
2.64550589271,3.04990009553
2.63433856953,3.06914800792
2.60697893514,3.07842527795
2.56991978966,3.07142724106
2.53317786303,3.08398130458
2.50647876093,3.0984125689
2.48097567973,3.11428395309
2.45313453756,3.12137837523
2.4291725202,3.12489612453
2.39928530904,3.13976216069
2.38279828977,3.16098836123
2.35589678671,3.18359990025
2.32414613543,3.19935147815
2.28680356462,3.21207062835
2.26911459466,3.24001441499
2.23938457708,3.26015905854
2.20523482044,3.27661766417
2.18146751342,3.30631855584
2.15338199908,3.3288421759
2.12664749846,3.35105163827
2.10890662541,3.37922645879
2.09085885449,3.40803092803
2.0638959091,3.4312342042
2.0335415904,3.43889860321
2.02055539737,3.45994310192
2.01505385403,3.48510085362
2.00002704512,3.50604921622
1.98131814497,3.53141386848
1.97337953786,3.54986170389
1.96884417714,3.58987510853
1.96077790041,3.60955626869
1.92305800182,3.63435223618
1.89131000665,3.67770105114
1.86121034843,3.71935827854
1.84496910476,3.79264971654
1.80604837285,3.855724356
1.77621917179,3.89664367146
1.74287469737,3.93468795018
1.70960008134,3.95172781808
1.68207640367,3.99869708438
1.6362349179,4.03365488362
1.59108687485,4.04994766781
1.55332949516,4.09646915606
1.5184038876,4.11631529709
1.46761029908,4.13829383791
1.43274366089,4.1561549076
1.38362337408,4.17001078939
1.31933716161,4.20881000062
1.28206460504,4.22872210083
1.20913389846,4.24954219274
1.16201861711,4.26387078847
1.09811630574,4.28832533713
1.06909886856,4.27767696063
0.994165712131,4.2936280649
0.925066551003,4.28369548961
0.864983506638,4.29865685392
0.816265580347,4.28984604783
0.734483856953,4.28747783155
0.693158747254,4.26131972864
0.65399599314,4.23852133105
0.588119504963,4.23020818573
0.531349572269,4.19423660519
0.471005285677,4.16252597665
0.437669914019,4.10752295446
0.373568673883,4.07450272205
0.348162936218,4.03022941405
0.322817698897,3.9826930811
0.270993799891,3.9503680221
0.229188199798,3.90585100587
0.201539290082,3.86023978418
0.170127888465,3.80952727757
0.159470815641,3.75274708013
0.138846679276,3.70433648432
0.105443549659,3.66562149032
0.11507418383,3.60293859994
0.102471573513,3.55965159032
0.0990402551061,3.50546409523
0.0778267034327,3.46287333978
0.0856744824493,3.42009110377
0.10254555505,3.36249571033
0.107889707063,3.33065887673
0.117025621566,3.28850759207
0.10848098775,3.23959538815
0.136532042322,3.19717605711
0.141224200472,3.14433613538
0.168327729621,3.10560918636
0.182110008801,3.04345821841
0.21623798711,2.99600179799
0.264300156215,2.93106750411
0.303997515525,2.88117109516
0.341777055003,2.81344306031
0.375491789488,2.77913623926
0.431692388746,2.72222985239
0.47694017794,2.66633856911
0.478509966617,2.62035474377
0.50719637048,2.59166006564
0.534751827169,2.56318105036
0.560395066369,2.54418809101
0.579746931071,2.52728432663
0.599831741703,2.50072166115
0.611754033573,2.47560469861
0.622412711987,2.44372592859
0.638192270672,2.42655719338
0.656723470985,2.39648941754
0.677693786128,2.3614621629
0.683195329413,2.34062727189
0.700003781316,2.31029656243
0.700850971471,2.28450083391
0.727078852557,2.25639088076
0.73148193794,2.23037669727
0.721753963715,2.2044415694
0.74019745123,2.16216242849
0.73709663835,2.13519329833
0.728449779,2.10726952488
0.749810679938,2.06922352874
0.744926928459,2.03912177219
0.75766277091,1.99308195312
0.753912929683,1.9534385201
0.757933913149,1.92159451328
0.735789349629,1.88075223952
0.725399690421,1.83965426478
0.733960203016,1.79233550182
0.727810750538,1.75319994042
0.710683271136,1.72690694653
0.720500430317,1.69807868542
0.738464138176,1.65575845245
0.717836186552,1.63008087432
0.69080155429,1.6094913455
0.688704929357,1.58514932982
0.712915322669,1.53944042615
0.673928225687,1.47884936778
0.686135477447,1.42883624859
0.688435861703,1.39188644019
0.709389677971,1.3570054749
0.673972309025,1.31254932052
0.6925765316,1.26456770482
0.677216931961,1.21838868363
0.717977815814,1.18187526726
0.703518584081,1.13355345345
0.724271384227,1.08255980306
0.740522087466,1.02882969083
0.734529435615,0.984264255397
0.735426006566,0.936689296152
0.796358247085,0.902626132921
0.805997521903,0.846513197843
0.825510925282,0.799735734196
0.866914458838,0.752881749704
0.863674517552,0.696623603107
0.915828391552,0.660134686146
0.941556336227,0.621754434174
0.956812800216,0.584565266932
0.997136233613,0.549450475372
1.05326730312,0.529883974259
1.07436177373,0.496386592549
1.13334932287,0.493286566267
1.12991242948,0.437559663057
1.16893672001,0.421417303971
1.2255409395,0.40866388005
1.23982091098,0.381959956717
1.29928548745,0.370872540645
1.33518495433,0.348645356875
1.3716128058,0.335023149648
1.43077015316,0.337925973395
1.42726771288,0.295110830633
1.51814951111,0.32025773803
1.53942736607,0.289731594886
1.58919577371,0.288658360289
1.65799887098,0.313773363917
1.685656986,0.287576682945
1.76306066843,0.330188772012
1.79654003753,0.309524328256
1.85714806654,0.334778554975
1.9305867988,0.400623190731
1.95473381581,0.387529504841
1.97367268086,0.390939323472
1.96567747466,0.388022619451
2.0371389733,0.403222697607
2.07826566068,0.428005191118
2.10691505426,0.419509463682
2.17352692899,0.403237365109
2.21583215213,0.403498575609
2.22463862924,0.413661867936
2.2381478155,0.408113255938
2.29478336278,0.3920181026
2.32307212764,0.392003678369
2.3522411777,0.386407559335
2.38730066571,0.360106384839
2.41369921575,0.355771894081
2.44795490496,0.345650440779
2.50605817668,0.278106451171
2.5799080261,0.229087434582
2.63454826661,0.209034242605
2.70790773066,0.189380318778
2.75540587924,0.189313966429
2.80673188523,0.194574497528
2.85462441106,0.186648696111
2.90668231994,0.188849628315
2.9518529119,0.197222888533
3.00286041904,0.198672158498
3.06041835262,0.201439156987
3.07873671149,0.224204930712
3.12914985102,0.230758327507
3.17061580535,0.247269254119
3.2025528649,0.275420618032
3.30260462806,0.316490050371
3.35214435314,0.356860639718
3.40997907622,0.381582367927
3.4358360399,0.38033663667
3.47535085595,0.3947893578
3.50391821971,0.405105743344
3.52405346578,0.388508946321
3.55701016919,0.385973387952
3.60556828204,0.418231705655
3.64647006497,0.424573810107
3.66253283149,0.424766744706
3.68294221645,0.397023359622
3.7206925711,0.400042402736
3.75654786205,0.423067464014
3.78863917005,0.422868797079
3.78841235744,0.378368598426
3.82355436439,0.372569358281
3.86113650294,0.380254535108
3.88659796006,0.359357269265
3.91796733017,0.303302420185
3.96248482041,0.28103278541
4.02267596262,0.274185009303
4.07069978559,0.262755861335
4.12859800721,0.27755730092
4.15722406921,0.259223564203
4.2080443599,0.254962007717
4.25675557433,0.258173304784
4.29734011107,0.275108865155
4.3500135,0.281688128451
4.39242988808,0.267052931729
4.44104322152,0.302300207746
4.48385477538,0.360509569424
4.52786694117,0.358074511561
4.56598435456,0.405368257639
4.59144673228,0.452419932378
4.63395872154,0.465055995451
4.66356276973,0.491707215825
4.70816402643,0.483140310565
4.73079071888,0.480553797778
4.77264714671,0.484808268329
4.80817970121,0.483980504743
4.87061045118,0.454988070819
4.93766260769,0.421016955769
4.98752899946,0.421418841628
5.03696818629,0.425114694012
5.08418746207,0.439499336598
5.17456281832,0.468634437929
5.2225042452,0.482624677475
